8.000000 -98.000000 211.000000 -21.000000 58.000000 14.000000 -25.000000 -396.000000 931.000000
8.000000 -97.000000 207.000000 -26.000000 58.000000 17.000000 -26.000000 -391.000000 926.000000
6.000000 -100.000000 210.000000 -33.000000 57.000000 18.000000 -26.000000 -395.000000 932.000000
10.000000 -100.000000 206.000000 -41.000000 57.000000 20.000000 -26.000000 -399.000000 928.000000
10.000000 -99.000000 205.000000 -49.000000 55.000000 19.000000 -25.000000 -396.000000 930.000000
6.000000 -99.000000 209.000000 -59.000000 56.000000 20.000000 -24.000000 -397.000000 927.000000
8.000000 -100.000000 204.000000 -69.000000 53.000000 17.000000 -21.000000 -395.000000 923.000000
9.000000 -99.000000 203.000000 -79.000000 50.000000 18.000000 -22.000000 -399.000000 921.000000
8.000000 -97.000000 207.000000 -88.000000 50.000000 18.000000 -22.000000 -401.000000 921.000000
8.000000 -97.000000 207.000000 -96.000000 48.000000 20.000000 -22.000000 -400.000000 923.000000
6.000000 -97.000000 205.000000 -106.000000 45.000000 17.000000 -22.000000 -402.000000 913.000000
8.000000 -100.000000 201.000000 -114.000000 44.000000 20.000000 -23.000000 -398.000000 914.000000
6.000000 -99.000000 204.000000 -123.000000 42.000000 17.000000 -21.000000 -396.000000 909.000000
7.000000 -98.000000 203.000000 -131.000000 38.000000 20.000000 -23.000000 -389.000000 908.000000
9.000000 -97.000000 202.000000 -132.000000 36.000000 19.000000 -27.000000 -387.000000 914.000000
9.000000 -97.000000 204.000000 -127.000000 33.000000 21.000000 -24.000000 -394.000000 921.000000
7.000000 -98.000000 207.000000 -117.000000 31.000000 20.000000 -21.000000 -393.000000 930.000000
9.000000 -99.000000 211.000000 -101.000000 30.000000 26.000000 -24.000000 -401.000000 931.000000
9.000000 -103.000000 209.000000 -84.000000 30.000000 27.000000 -24.000000 -406.000000 937.000000
9.000000 -103.000000 206.000000 -68.000000 33.000000 35.000000 -24.000000 -415.000000 938.000000
9.000000 -104.000000 212.000000 -57.000000 33.000000 36.000000 -19.000000 -418.000000 937.000000
9.000000 -103.000000 211.000000 -52.000000 32.000000 43.000000 -24.000000 -419.000000 934.000000
8.000000 -103.000000 211.000000 -50.000000 31.000000 44.000000 -33.000000 -418.000000 936.000000
8.000000 -104.000000 208.000000 -48.000000 29.000000 48.000000 -31.000000 -412.000000 936.000000
7.000000 -99.000000 206.000000 -47.000000 26.000000 47.000000 -26.000000 -404.000000 931.000000
8.000000 -103.000000 206.000000 -47.000000 25.000000 48.000000 -29.000000 -409.000000 932.000000
9.000000 -102.000000 203.000000 -46.000000 26.000000 43.000000 -25.000000 -410.000000 930.000000
7.000000 -98.000000 206.000000 -48.000000 27.000000 43.000000 -31.000000 -402.000000 922.000000
5.000000 -99.000000 207.000000 -52.000000 29.000000 36.000000 -26.000000 -397.000000 921.000000
9.000000 -99.000000 207.000000 -55.000000 35.000000 36.000000 -26.000000 -403.000000 916.000000
8.000000 -96.000000 205.000000 -61.000000 40.000000 30.000000 -25.000000 -399.000000 923.000000
10.000000 -101.000000 208.000000 -66.000000 45.000000 31.000000 -25.000000 -395.000000 925.000000
4.000000 -99.000000 209.000000 -69.000000 54.000000 22.000000 -26.000000 -410.000000 922.000000
8.000000 -101.000000 207.000000 -70.000000 59.000000 21.000000 -25.000000 -406.000000 927.000000
6.000000 -101.000000 209.000000 -71.000000 66.000000 13.000000 -28.000000 -411.000000 930.000000
7.000000 -105.000000 209.000000 -69.000000 71.000000 8.000000 -26.000000 -418.000000 930.000000
8.000000 -106.000000 207.000000 -66.000000 76.000000 0.000000 -27.000000 -421.000000 933.000000
7.000000 -104.000000 212.000000 -61.000000 82.000000 -1.000000 -25.000000 -424.000000 935.000000
8.000000 -104.000000 211.000000 -56.000000 86.000000 -8.000000 -26.000000 -426.000000 934.000000
7.000000 -106.000000 206.000000 -49.000000 91.000000 -12.000000 -34.000000 -427.000000 931.000000
8.000000 -107.000000 208.000000 -43.000000 95.000000 -21.000000 -25.000000 -420.000000 932.000000
8.000000 -105.000000 209.000000 -37.000000 98.000000 -24.000000 -22.000000 -424.000000 931.000000
9.000000 -102.000000 207.000000 -32.000000 104.000000 -33.000000 -19.000000 -422.000000 926.000000
6.000000 -103.000000 206.000000 -26.000000 107.000000 -39.000000 -21.000000 -419.000000 922.000000
10.000000 -105.000000 210.000000 -19.000000 111.000000 -47.000000 -20.000000 -421.000000 922.000000
7.000000 -101.000000 207.000000 -15.000000 112.000000 -48.000000 -19.000000 -422.000000 923.000000
11.000000 -105.000000 207.000000 -12.000000 113.000000 -54.000000 -17.000000 -413.000000 922.000000
7.000000 -101.000000 208.000000 -11.000000 111.000000 -54.000000 -14.000000 -417.000000 921.000000
10.000000 -102.000000 208.000000 -10.000000 107.000000 -58.000000 -17.000000 -414.000000 923.000000
9.000000 -102.000000 205.000000 -9.000000 102.000000 -56.000000 -13.000000 -416.000000 923.000000
9.000000 -104.000000 208.000000 -7.000000 99.000000 -58.000000 -10.000000 -416.000000 930.000000
9.000000 -104.000000 209.000000 -1.000000 96.000000 -52.000000 -14.000000 -413.000000 932.000000
11.000000 -104.000000 208.000000 1.000000 94.000000 -51.000000 -14.000000 -410.000000 935.000000
11.000000 -100.000000 211.000000 5.000000 91.000000 -46.000000 -18.000000 -408.000000 930.000000
8.000000 -99.000000 208.000000 7.000000 89.000000 -45.000000 -19.000000 -410.000000 930.000000
11.000000 -101.000000 207.000000 9.000000 88.000000 -40.000000 -18.000000 -406.000000 931.000000
10.000000 -102.000000 204.000000 11.000000 88.000000 -40.000000 -21.000000 -413.000000 931.000000
9.000000 -101.000000 207.000000 10.000000 86.000000 -34.000000 -22.000000 -411.000000 930.000000
8.000000 -100.000000 211.000000 9.000000 88.000000 -35.000000 -26.000000 -409.000000 930.000000
8.000000 -103.000000 206.000000 7.000000 89.000000 -32.000000 -26.000000 -409.000000 926.000000
6.000000 -100.000000 204.000000 7.000000 87.000000 -34.000000 -27.000000 -407.000000 928.000000
4.000000 -99.000000 205.000000 8.000000 87.000000 -33.000000 -34.000000 -405.000000 923.000000
4.000000 -100.000000 210.000000 11.000000 88.000000 -37.000000 -33.000000 -400.000000 931.000000
5.000000 -101.000000 206.000000 13.000000 86.000000 -34.000000 -37.000000 -406.000000 926.000000
6.000000 -102.000000 209.000000 15.000000 85.000000 -36.000000 -35.000000 -408.000000 927.000000
3.000000 -100.000000 206.000000 16.000000 87.000000 -34.000000 -32.000000 -408.000000 922.000000
4.000000 -100.000000 208.000000 13.000000 86.000000 -35.000000 -30.000000 -412.000000 926.000000
5.000000 -102.000000 204.000000 9.000000 86.000000 -33.000000 -31.000000 -408.000000 924.000000
3.000000 -98.000000 208.000000 3.000000 84.000000 -34.000000 -29.000000 -410.000000 925.000000
6.000000 -99.000000 208.000000 -1.000000 83.000000 -34.000000 -29.000000 -400.000000 925.000000
9.000000 -96.000000 207.000000 -3.000000 82.000000 -34.000000 -23.000000 -408.000000 925.000000
5.000000 -99.000000 209.000000 -4.000000 82.000000 -32.000000 -28.000000 -407.000000 927.000000
7.000000 -100.000000 208.000000 -4.000000 81.000000 -33.000000 -28.000000 -402.000000 928.000000
7.000000 -101.000000 209.000000 -1.000000 81.000000 -31.000000 -24.000000 -406.000000 926.000000
6.000000 -100.000000 204.000000 -3.000000 81.000000 -32.000000 -20.000000 -401.000000 929.000000
11.000000 -97.000000 208.000000 -1.000000 82.000000 -30.000000 -19.000000 -397.000000 926.000000
8.000000 -97.000000 209.000000 -1.000000 83.000000 -30.000000 -19.000000 -396.000000 925.000000
8.000000 -96.000000 207.000000 -1.000000 82.000000 -28.000000 -14.000000 -394.000000 924.000000
9.000000 -98.000000 207.000000 -3.000000 81.000000 -26.000000 -12.000000 -389.000000 921.000000
11.000000 -96.000000 203.000000 -6.000000 82.000000 -26.000000 -17.000000 -394.000000 922.000000
9.000000 -98.000000 206.000000 -8.000000 80.000000 -24.000000 -16.000000 -393.000000 925.000000
10.000000 -95.000000 202.000000 -11.000000 81.000000 -24.000000 -16.000000 -395.000000 926.000000
10.000000 -97.000000 209.000000 -14.000000 78.000000 -24.000000 -17.000000 -395.000000 925.000000
11.000000 -99.000000 206.000000 -15.000000 77.000000 -23.000000 -15.000000 -395.000000 925.000000
10.000000 -98.000000 205.000000 -18.000000 74.000000 -23.000000 -15.000000 -396.000000 927.000000
6.000000 -98.000000 209.000000 -21.000000 74.000000 -22.000000 -17.000000 -399.000000 925.000000
9.000000 -99.000000 207.000000 -23.000000 74.000000 -21.000000 -23.000000 -408.000000 924.000000
9.000000 -100.000000 206.000000 -27.000000 73.000000 -19.000000 -25.000000 -408.000000 922.000000
8.000000 -100.000000 203.000000 -30.000000 73.000000 -19.000000 -26.000000 -407.000000 917.000000
5.000000 -101.000000 203.000000 -33.000000 71.000000 -17.000000 -23.000000 -416.000000 921.000000
8.000000 -99.000000 208.000000 -36.000000 73.000000 -18.000000 -31.000000 -414.000000 912.000000
5.000000 -100.000000 204.000000 -39.000000 74.000000 -18.000000 -27.000000 -416.000000 909.000000
7.000000 -101.000000 205.000000 -42.000000 74.000000 -18.000000 -27.000000 -418.000000 908.000000
2.000000 -103.000000 205.000000 -44.000000 76.000000 -19.000000 -28.000000 -415.000000 904.000000
8.000000 -104.000000 199.000000 -48.000000 78.000000 -16.000000 -26.000000 -415.000000 906.000000
6.000000 -104.000000 202.000000 -49.000000 80.000000 -16.000000 -26.000000 -417.000000 905.000000
6.000000 -105.000000 202.000000 -50.000000 78.000000 -14.000000 -26.000000 -419.000000 903.000000
6.000000 -103.000000 203.000000 -51.000000 80.000000 -11.000000 -27.000000 -425.000000 900.000000
8.000000 -104.000000 203.000000 -51.000000 78.000000 -9.000000 -27.000000 -420.000000 897.000000
7.000000 -107.000000 204.000000 -50.000000 74.000000 -6.000000 -22.000000 -423.000000 908.000000
7.000000 -102.000000 203.000000 -48.000000 72.000000 -2.000000 -25.000000 -423.000000 913.000000
8.000000 -108.000000 206.000000 -43.000000 70.000000 1.000000 -24.000000 -423.000000 914.000000
7.000000 -107.000000 205.000000 -37.000000 68.000000 6.000000 -24.000000 -429.000000 916.000000
7.000000 -107.000000 206.000000 -27.000000 66.000000 8.000000 -24.000000 -424.000000 919.000000
8.000000 -105.000000 205.000000 -17.000000 61.000000 13.000000 -21.000000 -426.000000 925.000000
6.000000 -108.000000 207.000000 -7.000000 58.000000 15.000000 -22.000000 -424.000000 928.000000
8.000000 -107.000000 204.000000 4.000000 57.000000 19.000000 -25.000000 -426.000000 930.000000
7.000000 -108.000000 209.000000 14.000000 53.000000 20.000000 -26.000000 -426.000000 929.000000
6.000000 -105.000000 209.000000 25.000000 52.000000 24.000000 -28.000000 -423.000000 931.000000
3.000000 -103.000000 211.000000 33.000000 52.000000 26.000000 -25.000000 -423.000000 929.000000
4.000000 -103.000000 208.000000 38.000000 51.000000 28.000000 -30.000000 -416.000000 926.000000
5.000000 -100.000000 208.000000 42.000000 52.000000 28.000000 -30.000000 -417.000000 925.000000
4.000000 -100.000000 204.000000 42.000000 54.000000 29.000000 -31.000000 -415.000000 926.000000
6.000000 -101.000000 206.000000 38.000000 54.000000 28.000000 -36.000000 -413.000000 922.000000
4.000000 -101.000000 204.000000 31.000000 54.000000 29.000000 -40.000000 -408.000000 917.000000
6.000000 -102.000000 206.000000 23.000000 52.000000 23.000000 -39.000000 -403.000000 920.000000
2.000000 -99.000000 207.000000 14.000000 55.000000 26.000000 -39.000000 -405.000000 920.000000
5.000000 -100.000000 206.000000 6.000000 57.000000 23.000000 -40.000000 -407.000000 921.000000
4.000000 -98.000000 210.000000 -2.000000 57.000000 25.000000 -40.000000 -398.000000 926.000000
5.000000 -98.000000 208.000000 -9.000000 58.000000 24.000000 -40.000000 -396.000000 930.000000
1.000000 -99.000000 208.000000 -13.000000 56.000000 22.000000 -41.000000 -407.000000 928.000000
4.000000 -98.000000 209.000000 -17.000000 56.000000 18.000000 -35.000000 -400.000000 934.000000
4.000000 -103.000000 207.000000 -17.000000 55.000000 21.000000 -38.000000 -396.000000 933.000000
4.000000 -97.000000 213.000000 -16.000000 57.000000 18.000000 -35.000000 -404.000000 931.000000
1.000000 -102.000000 212.000000 -12.000000 56.000000 20.000000 -39.000000 -396.000000 935.000000
3.000000 -99.000000 208.000000 -9.000000 57.000000 17.000000 -39.000000 -403.000000 937.000000
4.000000 -101.000000 212.000000 -4.000000 58.000000 18.000000 -42.000000 -396.000000 931.000000
4.000000 -98.000000 207.000000 1.000000 58.000000 15.000000 -39.000000 -400.000000 932.000000
4.000000 -99.000000 207.000000 6.000000 59.000000 18.000000 -39.000000 -396.000000 935.000000
2.000000 -100.000000 209.000000 11.000000 59.000000 14.000000 -39.000000 -393.000000 931.000000
3.000000 -94.000000 206.000000 13.000000 60.000000 17.000000 -41.000000 -395.000000 929.000000
4.000000 -97.000000 207.000000 14.000000 58.000000 13.000000 -38.000000 -399.000000 927.000000
6.000000 -99.000000 206.000000 13.000000 58.000000 14.000000 -34.000000 -393.000000 925.000000
7.000000 -99.000000 206.000000 12.000000 59.000000 11.000000 -38.000000 -395.000000 929.000000
5.000000 -96.000000 207.000000 6.000000 58.000000 13.000000 -36.000000 -392.000000 927.000000
4.000000 -97.000000 206.000000 0.000000 57.000000 9.000000 -30.000000 -387.000000 929.000000
7.000000 -98.000000 208.000000 -7.000000 56.000000 13.000000 -34.000000 -387.000000 925.000000
6.000000 -98.000000 211.000000 -13.000000 53.000000 10.000000 -33.000000 -391.000000 927.000000
7.000000 -98.000000 204.000000 -20.000000 52.000000 13.000000 -27.000000 -393.000000 926.000000
5.000000 -96.000000 206.000000 -27.000000 50.000000 10.000000 -31.000000 -394.000000 925.000000
5.000000 -96.000000 207.000000 -33.000000 48.000000 10.000000 -29.000000 -391.000000 921.000000
8.000000 -99.000000 208.000000 -41.000000 47.000000 6.000000 -29.000000 -397.000000 921.000000
6.000000 -100.000000 206.000000 -45.000000 46.000000 6.000000 -27.000000 -402.000000 921.000000
6.000000 -100.000000 206.000000 -49.000000 46.000000 1.000000 -28.000000 -401.000000 922.000000
7.000000 -98.000000 205.000000 -54.000000 45.000000 3.000000 -34.000000 -408.000000 925.000000
7.000000 -101.000000 206.000000 -57.000000 46.000000 -1.000000 -27.000000 -412.000000 920.000000
6.000000 -104.000000 204.000000 -58.000000 46.000000 1.000000 -23.000000 -409.000000 922.000000
5.000000 -103.000000 206.000000 -59.000000 46.000000 -1.000000 -24.000000 -418.000000 917.000000
7.000000 -103.000000 205.000000 -59.000000 47.000000 2.000000 -24.000000 -418.000000 914.000000
9.000000 -106.000000 206.000000 -61.000000 47.000000 -1.000000 -26.000000 -420.000000 925.000000
9.000000 -104.000000 204.000000 -61.000000 45.000000 1.000000 -22.000000 -421.000000 911.000000
7.000000 -106.000000 205.000000 -60.000000 42.000000 0.000000 -23.000000 -425.000000 923.000000
10.000000 -105.000000 204.000000 -58.000000 43.000000 5.000000 -27.000000 -424.000000 915.000000
6.000000 -104.000000 203.000000 -57.000000 40.000000 3.000000 -24.000000 -422.000000 911.000000
8.000000 -108.000000 203.000000 -54.000000 38.000000 8.000000 -24.000000 -422.000000 920.000000
5.000000 -104.000000 203.000000 -50.000000 37.000000 8.000000 -22.000000 -429.000000 918.000000
8.000000 -105.000000 208.000000 -44.000000 37.000000 11.000000 -24.000000 -426.000000 926.000000
7.000000 -108.000000 208.000000 -41.000000 37.000000 10.000000 -22.000000 -423.000000 928.000000
9.000000 -109.000000 207.000000 -35.000000 36.000000 13.000000 -22.000000 -422.000000 922.000000
9.000000 -105.000000 205.000000 -27.000000 36.000000 12.000000 -21.000000 -423.000000 922.000000
6.000000 -104.000000 207.000000 -19.000000 36.000000 14.000000 -24.000000 -422.000000 925.000000
10.000000 -104.000000 205.000000 -10.000000 36.000000 13.000000 -23.000000 -419.000000 919.000000
7.000000 -105.000000 203.000000 -2.000000 37.000000 14.000000 -26.000000 -421.000000 918.000000
5.000000 -103.000000 207.000000 2.000000 42.000000 12.000000 -23.000000 -419.000000 918.000000
7.000000 -103.000000 206.000000 5.000000 44.000000 15.000000 -27.000000 -419.000000 914.000000
5.000000 -106.000000 207.000000 6.000000 49.000000 13.000000 -30.000000 -417.000000 916.000000
5.000000 -103.000000 204.000000 4.000000 54.000000 12.000000 -32.000000 -412.000000 911.000000
2.000000 -99.000000 205.000000 -3.000000 55.000000 11.000000 -32.000000 -406.000000 913.000000
4.000000 -103.000000 205.000000 -11.000000 54.000000 9.000000 -40.000000 -413.000000 912.000000
0.000000 -102.000000 202.000000 -18.000000 52.000000 7.000000 -40.000000 -409.000000 916.000000
2.000000 -102.000000 206.000000 -21.000000 46.000000 6.000000 -48.000000 -402.000000 921.000000
1.000000 -104.000000 211.000000 -21.000000 42.000000 2.000000 -41.000000 -413.000000 920.000000
0.000000 -104.000000 209.000000 -17.000000 34.000000 -4.000000 -50.000000 -414.000000 925.000000
3.000000 -100.000000 212.000000 -10.000000 28.000000 -5.000000 -48.000000 -406.000000 931.000000
1.000000 -101.000000 208.000000 0.000000 20.000000 -5.000000 -52.000000 -414.000000 935.000000
3.000000 -102.000000 211.000000 11.000000 13.000000 -11.000000 -42.000000 -417.000000 941.000000
5.000000 -104.000000 210.000000 23.000000 6.000000 -14.000000 -37.000000 -416.000000 934.000000
3.000000 -104.000000 206.000000 32.000000 2.000000 -19.000000 -38.000000 -418.000000 931.000000
10.000000 -104.000000 206.000000 42.000000 1.000000 -23.000000 -22.000000 -418.000000 923.000000
8.000000 -102.000000 205.000000 43.000000 6.000000 -27.000000 -19.000000 -413.000000 914.000000
10.000000 -99.000000 201.000000 38.000000 14.000000 -25.000000 -17.000000 -410.000000 907.000000
13.000000 -98.000000 205.000000 28.000000 25.000000 -25.000000 -15.000000 -394.000000 908.000000
12.000000 -92.000000 204.000000 14.000000 40.000000 -23.000000 -11.000000 -384.000000 915.000000
13.000000 -90.000000 207.000000 3.000000 53.000000 -19.000000 -8.000000 -375.000000 916.000000
11.000000 -92.000000 209.000000 -8.000000 65.000000 -15.000000 -8.000000 -368.000000 931.000000
12.000000 -90.000000 211.000000 -13.000000 74.000000 -11.000000 -9.000000 -369.000000 943.000000
12.000000 -90.000000 215.000000 -13.000000 85.000000 -6.000000 -1.000000 -370.000000 953.000000
12.000000 -88.000000 217.000000 -8.000000 93.000000 -5.000000 -4.000000 -371.000000 958.000000
14.000000 -94.000000 220.000000 0.000000 102.000000 -1.000000 -9.000000 -375.000000 963.000000
12.000000 -92.000000 216.000000 16.000000 109.000000 0.000000 -2.000000 -382.000000 964.000000
11.000000 -98.000000 218.000000 30.000000 110.000000 -5.000000 -10.000000 -392.000000 967.000000
13.000000 -96.000000 214.000000 39.000000 110.000000 -10.000000 -5.000000 -388.000000 965.000000
13.000000 -99.000000 214.000000 50.000000 112.000000 -9.000000 -9.000000 -390.000000 953.000000
12.000000 -98.000000 219.000000 56.000000 110.000000 -14.000000 -4.000000 -400.000000 944.000000
13.000000 -100.000000 210.000000 55.000000 105.000000 -25.000000 -7.000000 -396.000000 940.000000
11.000000 -98.000000 205.000000 45.000000 101.000000 -36.000000 -15.000000 -397.000000 928.000000
11.000000 -98.000000 200.000000 24.000000 98.000000 -46.000000 -16.000000 -403.000000 903.000000
8.000000 -99.000000 195.000000 -7.000000 98.000000 -54.000000 -22.000000 -393.000000 888.000000
10.000000 -96.000000 193.000000 -43.000000 99.000000 -59.000000 -18.000000 -392.000000 875.000000
8.000000 -96.000000 196.000000 -82.000000 100.000000 -64.000000 -24.000000 -395.000000 873.000000
8.000000 -95.000000 197.000000 -127.000000 103.000000 -66.000000 -23.000000 -388.000000 877.000000
6.000000 -96.000000 193.000000 -159.000000 105.000000 -64.000000 -25.000000 -392.000000 876.000000
7.000000 -97.000000 200.000000 -183.000000 105.000000 -60.000000 -23.000000 -394.000000 884.000000
12.000000 -100.000000 200.000000 -195.000000 105.000000 -53.000000 -18.000000 -395.000000 896.000000
7.000000 -102.000000 205.000000 -193.000000 104.000000 -45.000000 -22.000000 -410.000000 909.000000
6.000000 -104.000000 206.000000 -179.000000 102.000000 -34.000000 -20.000000 -413.000000 926.000000
9.000000 -106.000000 209.000000 -150.000000 100.000000 -26.000000 -17.000000 -419.000000 931.000000
11.000000 -107.000000 213.000000 -112.000000 96.000000 -14.000000 -15.000000 -427.000000 944.000000
9.000000 -110.000000 211.000000 -68.000000 93.000000 -5.000000 -17.000000 -432.000000 944.000000
9.000000 -107.000000 215.000000 -23.000000 87.000000 3.000000 -18.000000 -429.000000 945.000000
9.000000 -107.000000 211.000000 19.000000 81.000000 12.000000 -16.000000 -432.000000 942.000000
8.000000 -107.000000 209.000000 63.000000 75.000000 20.000000 -18.000000 -435.000000 934.000000
10.000000 -108.000000 209.000000 91.000000 72.000000 24.000000 -24.000000 -430.000000 927.000000
7.000000 -105.000000 210.000000 107.000000 66.000000 29.000000 -28.000000 -430.000000 922.000000
8.000000 -104.000000 205.000000 114.000000 60.000000 30.000000 -27.000000 -421.000000 914.000000
4.000000 -103.000000 203.000000 112.000000 54.000000 33.000000 -31.000000 -416.000000 906.000000
5.000000 -99.000000 204.000000 102.000000 49.000000 31.000000 -32.000000 -410.000000 906.000000
7.000000 -100.000000 204.000000 87.000000 44.000000 32.000000 -37.000000 -408.000000 914.000000
6.000000 -97.000000 202.000000 71.000000 37.000000 29.000000 -34.000000 -403.000000 910.000000
4.000000 -97.000000 205.000000 51.000000 35.000000 25.000000 -38.000000 -394.000000 921.000000
2.000000 -97.000000 207.000000 31.000000 33.000000 21.000000 -39.000000 -394.000000 926.000000
2.000000 -97.000000 208.000000 12.000000 31.000000 16.000000 -37.000000 -395.000000 931.000000
2.000000 -99.000000 210.000000 -4.000000 27.000000 8.000000 -42.000000 -395.000000 934.000000
3.000000 -96.000000 211.000000 -21.000000 28.000000 4.000000 -43.000000 -401.000000 935.000000
3.000000 -97.000000 216.000000 -34.000000 29.000000 -5.000000 -41.000000 -407.000000 938.000000
3.000000 -101.000000 212.000000 -48.000000 32.000000 -9.000000 -46.000000 -402.000000 940.000000
5.000000 -101.000000 213.000000 -57.000000 36.000000 -20.000000 -41.000000 -413.000000 939.000000
5.000000 -103.000000 209.000000 -64.000000 40.000000 -24.000000 -40.000000 -410.000000 937.000000
2.000000 -100.000000 214.000000 -69.000000 45.000000 -34.000000 -36.000000 -413.000000 933.000000
6.000000 -102.000000 208.000000 -73.000000 52.000000 -38.000000 -31.000000 -411.000000 928.000000
4.000000 -103.000000 210.000000 -73.000000 59.000000 -45.000000 -36.000000 -411.000000 928.000000
7.000000 -105.000000 208.000000 -71.000000 65.000000 -47.000000 -33.000000 -417.000000 927.000000
4.000000 -101.000000 209.000000 -69.000000 73.000000 -51.000000 -30.000000 -414.000000 922.000000
5.000000 -102.000000 206.000000 -67.000000 81.000000 -50.000000 -29.000000 -420.000000 914.000000
7.000000 -104.000000 206.000000 -63.000000 86.000000 -50.000000 -29.000000 -420.000000 914.000000
8.000000 -103.000000 204.000000 -61.000000 89.000000 -45.000000 -28.000000 -419.000000 914.000000
6.000000 -104.000000 200.000000 -57.000000 90.000000 -44.000000 -28.000000 -426.000000 909.000000
6.000000 -105.000000 204.000000 -53.000000 90.000000 -38.000000 -27.000000 -424.000000 909.000000
7.000000 -102.000000 206.000000 -50.000000 89.000000 -33.000000 -25.000000 -421.000000 905.000000
8.000000 -107.000000 204.000000 -47.000000 87.000000 -24.000000 -25.000000 -430.000000 893.000000
9.000000 -106.000000 204.000000 -44.000000 85.000000 -20.000000 -28.000000 -429.000000 906.000000
9.000000 -106.000000 201.000000 -43.000000 82.000000 -8.000000 -25.000000 -427.000000 903.000000
7.000000 -107.000000 202.000000 -43.000000 77.000000 -4.000000 -27.000000 -428.000000 902.000000
7.000000 -106.000000 204.000000 -40.000000 73.000000 6.000000 -27.000000 -425.000000 912.000000
5.000000 -106.000000 206.000000 -35.000000 69.000000 14.000000 -28.000000 -427.000000 910.000000
8.000000 -107.000000 202.000000 -31.000000 64.000000 22.000000 -26.000000 -424.000000 911.000000
5.000000 -105.000000 204.000000 -25.000000 61.000000 23.000000 -30.000000 -431.000000 911.000000
5.000000 -105.000000 206.000000 -20.000000 59.000000 29.000000 -31.000000 -424.000000 914.000000
8.000000 -108.000000 209.000000 -15.000000 59.000000 27.000000 -26.000000 -419.000000 922.000000
4.000000 -104.000000 205.000000 -11.000000 57.000000 30.000000 -35.000000 -423.000000 918.000000
6.000000 -103.000000 206.000000 -6.000000 55.000000 27.000000 -31.000000 -421.000000 924.000000
4.000000 -105.000000 207.000000 3.000000 55.000000 29.000000 -37.000000 -421.000000 928.000000
5.000000 -103.000000 205.000000 9.000000 54.000000 26.000000 -34.000000 -421.000000 933.000000
1.000000 -103.000000 209.000000 18.000000 50.000000 28.000000 -28.000000 -417.000000 935.000000
7.000000 -102.000000 212.000000 26.000000 47.000000 23.000000 -27.000000 -416.000000 932.000000
7.000000 -102.000000 212.000000 36.000000 42.000000 25.000000 -29.000000 -412.000000 932.000000
5.000000 -101.000000 210.000000 47.000000 38.000000 21.000000 -28.000000 -407.000000 933.000000
7.000000 -101.000000 209.000000 54.000000 36.000000 22.000000 -26.000000 -407.000000 928.000000
4.000000 -97.000000 203.000000 58.000000 37.000000 19.000000 -26.000000 -408.000000 925.000000
7.000000 -99.000000 206.000000 59.000000 37.000000 20.000000 -26.000000 -405.000000 924.000000
9.000000 -97.000000 205.000000 56.000000 39.000000 16.000000 -24.000000 -396.000000 926.000000
10.000000 -97.000000 208.000000 50.000000 40.000000 19.000000 -24.000000 -396.000000 923.000000
8.000000 -97.000000 211.000000 44.000000 41.000000 15.000000 -21.000000 -396.000000 924.000000
8.000000 -99.000000 210.000000 38.000000 40.000000 20.000000 -23.000000 -391.000000 920.000000
8.000000 -94.000000 210.000000 31.000000 40.000000 19.000000 -23.000000 -391.000000 926.000000
8.000000 -98.000000 206.000000 25.000000 41.000000 22.000000 -19.000000 -393.000000 929.000000
10.000000 -101.000000 207.000000 19.000000 41.000000 20.000000 -20.000000 -400.000000 933.000000
8.000000 -93.000000 209.000000 15.000000 39.000000 24.000000 -23.000000 -389.000000 927.000000
9.000000 -96.000000 208.000000 9.000000 38.000000 23.000000 -24.000000 -392.000000 934.000000
7.000000 -97.000000 215.000000 8.000000 37.000000 26.000000 -22.000000 -386.000000 932.000000
10.000000 -99.000000 207.000000 6.000000 36.000000 25.000000 -20.000000 -391.000000 933.000000
8.000000 -97.000000 209.000000 4.000000 35.000000 29.000000 -24.000000 -392.000000 932.000000
9.000000 -96.000000 208.000000 5.000000 35.000000 28.000000 -25.000000 -393.000000 929.000000
6.000000 -96.000000 209.000000 5.000000 35.000000 29.000000 -24.000000 -402.000000 932.000000
7.000000 -99.000000 213.000000 3.000000 35.000000 27.000000 -24.000000 -399.000000 931.000000
7.000000 -100.000000 207.000000 2.000000 32.000000 30.000000 -25.000000 -394.000000 926.000000
7.000000 -97.000000 212.000000 -1.000000 32.000000 27.000000 -30.000000 -397.000000 928.000000
8.000000 -99.000000 207.000000 -2.000000 32.000000 29.000000 -28.000000 -400.000000 930.000000
6.000000 -100.000000 208.000000 -6.000000 30.000000 25.000000 -25.000000 -397.000000 923.000000
7.000000 -100.000000 204.000000 -12.000000 33.000000 23.000000 -25.000000 -402.000000 925.000000
8.000000 -99.000000 204.000000 -20.000000 34.000000 22.000000 -29.000000 -407.000000 924.000000
7.000000 -102.000000 206.000000 -26.000000 36.000000 20.000000 -23.000000 -396.000000 921.000000
8.000000 -100.000000 206.000000 -33.000000 38.000000 16.000000 -23.000000 -403.000000 916.000000
9.000000 -100.000000 205.000000 -41.000000 40.000000 13.000000 -24.000000 -403.000000 922.000000
6.000000 -98.000000 207.000000 -47.000000 43.000000 10.000000 -24.000000 -398.000000 929.000000
6.000000 -99.000000 208.000000 -50.000000 46.000000 8.000000 -23.000000 -405.000000 929.000000
12.000000 -101.000000 207.000000 -51.000000 47.000000 3.000000 -19.000000 -406.000000 927.000000
8.000000 -98.000000 208.000000 -51.000000 52.000000 1.000000 -26.000000 -411.000000 930.000000
7.000000 -99.000000 209.000000 -50.000000 55.000000 -2.000000 -23.000000 -404.000000 930.000000
7.000000 -100.000000 208.000000 -49.000000 55.000000 -5.000000 -24.000000 -396.000000 931.000000
11.000000 -101.000000 208.000000 -48.000000 59.000000 -8.000000 -21.000000 -400.000000 934.000000
8.000000 -103.000000 207.000000 -45.000000 60.000000 -10.000000 -21.000000 -401.000000 930.000000
8.000000 -99.000000 210.000000 -43.000000 62.000000 -12.000000 -22.000000 -397.000000 931.000000
7.000000 -101.000000 211.000000 -42.000000 65.000000 -12.000000 -16.000000 -399.000000 933.000000
9.000000 -101.000000 211.000000 -39.000000 66.000000 -13.000000 -22.000000 -394.000000 936.000000
9.000000 -99.000000 214.000000 -40.000000 66.000000 -11.000000 -17.000000 -396.000000 934.000000
8.000000 -98.000000 208.000000 -40.000000 66.000000 -12.000000 -21.000000 -392.000000 931.000000
5.000000 -97.000000 209.000000 -41.000000 66.000000 -10.000000 -26.000000 -400.000000 935.000000
9.000000 -96.000000 205.000000 -45.000000 64.000000 -12.000000 -23.000000 -399.000000 924.000000
8.000000 -98.000000 203.000000 -50.000000 64.000000 -12.000000 -24.000000 -399.000000 925.000000
8.000000 -97.000000 207.000000 -58.000000 63.000000 -12.000000 -19.000000 -395.000000 914.000000
6.000000 -97.000000 213.000000 -66.000000 59.000000 -12.000000 -23.000000 -389.000000 924.000000
6.000000 -97.000000 207.000000 -73.000000 57.000000 -13.000000 -20.000000 -392.000000 922.000000
9.000000 -99.000000 209.000000 -78.000000 55.000000 -13.000000 -16.000000 -396.000000 919.000000
11.000000 -99.000000 202.000000 -81.000000 55.000000 -14.000000 -19.000000 -396.000000 925.000000
10.000000 -98.000000 207.000000 -82.000000 54.000000 -15.000000 -18.000000 -400.000000 925.000000
11.000000 -101.000000 209.000000 -83.000000 53.000000 -16.000000 -17.000000 -406.000000 930.000000
9.000000 -99.000000 204.000000 -84.000000 53.000000 -15.000000 -18.000000 -411.000000 927.000000
9.000000 -100.000000 207.000000 -84.000000 53.000000 -16.000000 -19.000000 -408.000000 924.000000
7.000000 -102.000000 210.000000 -87.000000 52.000000 -16.000000 -24.000000 -416.000000 918.000000
8.000000 -103.000000 207.000000 -88.000000 54.000000 -17.000000 -16.000000 -419.000000 915.000000
8.000000 -103.000000 204.000000 -92.000000 55.000000 -19.000000 -14.000000 -422.000000 915.000000
10.000000 -104.000000 205.000000 -98.000000 58.000000 -19.000000 -20.000000 -416.000000 910.000000
12.000000 -104.000000 205.000000 -104.000000 59.000000 -21.000000 -21.000000 -426.000000 909.000000
8.000000 -108.000000 204.000000 -111.000000 61.000000 -20.000000 -21.000000 -428.000000 905.000000
9.000000 -109.000000 200.000000 -115.000000 64.000000 -23.000000 -20.000000 -433.000000 904.000000
11.000000 -109.000000 203.000000 -120.000000 66.000000 -23.000000 -16.000000 -433.000000 902.000000
11.000000 -110.000000 202.000000 -126.000000 68.000000 -24.000000 -18.000000 -434.000000 904.000000
11.000000 -110.000000 202.000000 -130.000000 70.000000 -23.000000 -19.000000 -439.000000 907.000000
7.000000 -109.000000 206.000000 -132.000000 73.000000 -24.000000 -19.000000 -434.000000 911.000000
7.000000 -109.000000 208.000000 -135.000000 71.000000 -25.000000 -18.000000 -439.000000 913.000000
9.000000 -110.000000 206.000000 -137.000000 70.000000 -26.000000 -23.000000 -439.000000 909.000000
10.000000 -108.000000 201.000000 -137.000000 67.000000 -27.000000 -22.000000 -441.000000 911.000000
9.000000 -111.000000 203.000000 -136.000000 63.000000 -30.000000 -26.000000 -440.000000 914.000000
6.000000 -111.000000 204.000000 -134.000000 61.000000 -28.000000 -24.000000 -440.000000 913.000000
9.000000 -111.000000 206.000000 -132.000000 60.000000 -30.000000 -26.000000 -440.000000 907.000000
8.000000 -109.000000 201.000000 -129.000000 58.000000 -28.000000 -26.000000 -442.000000 911.000000
9.000000 -109.000000 205.000000 -125.000000 58.000000 -30.000000 -25.000000 -438.000000 913.000000
7.000000 -109.000000 204.000000 -122.000000 59.000000 -28.000000 -26.000000 -441.000000 912.000000
7.000000 -109.000000 202.000000 -118.000000 60.000000 -29.000000 -25.000000 -432.000000 908.000000
7.000000 -108.000000 201.000000 -112.000000 60.000000 -27.000000 -28.000000 -437.000000 910.000000
2.000000 -107.000000 206.000000 -106.000000 61.000000 -28.000000 -31.000000 -431.000000 910.000000
6.000000 -107.000000 202.000000 -97.000000 62.000000 -24.000000 -30.000000 -434.000000 912.000000
7.000000 -108.000000 206.000000 -88.000000 63.000000 -24.000000 -32.000000 -433.000000 911.000000
4.000000 -105.000000 204.000000 -81.000000 65.000000 -19.000000 -32.000000 -431.000000 915.000000
6.000000 -105.000000 203.000000 -73.000000 66.000000 -18.000000 -34.000000 -427.000000 921.000000
9.000000 -110.000000 206.000000 -67.000000 68.000000 -13.000000 -32.000000 -430.000000 920.000000
2.000000 -106.000000 206.000000 -63.000000 67.000000 -13.000000 -38.000000 -424.000000 924.000000
6.000000 -105.000000 208.000000 -62.000000 65.000000 -6.000000 -31.000000 -428.000000 928.000000
6.000000 -103.000000 212.000000 -61.000000 65.000000 -5.000000 -35.000000 -421.000000 926.000000
3.000000 -104.000000 211.000000 -62.000000 60.000000 0.000000 -33.000000 -419.000000 929.000000
5.000000 -100.000000 209.000000 -65.000000 57.000000 2.000000 -37.000000 -419.000000 930.000000
4.000000 -101.000000 206.000000 -70.000000 51.000000 7.000000 -34.000000 -411.000000 924.000000
4.000000 -102.000000 205.000000 -76.000000 47.000000 10.000000 -38.000000 -414.000000 926.000000
4.000000 -103.000000 208.000000 -84.000000 43.000000 16.000000 -34.000000 -414.000000 929.000000
5.000000 -102.000000 211.000000 -90.000000 40.000000 19.000000 -35.000000 -412.000000 928.000000
3.000000 -100.000000 205.000000 -96.000000 36.000000 24.000000 -33.000000 -417.000000 923.000000
4.000000 -99.000000 205.000000 -101.000000 35.000000 25.000000 -29.000000 -412.000000 929.000000
3.000000 -99.000000 205.000000 -105.000000 33.000000 31.000000 -37.000000 -412.000000 924.000000
6.000000 -103.000000 204.000000 -110.000000 31.000000 31.000000 -35.000000 -406.000000 911.000000
8.000000 -103.000000 207.000000 -117.000000 30.000000 35.000000 -34.000000 -404.000000 909.000000
6.000000 -101.000000 207.000000 -126.000000 30.000000 34.000000 -25.000000 -414.000000 906.000000
6.000000 -103.000000 207.000000 -134.000000 31.000000 38.000000 -33.000000 -417.000000 908.000000
5.000000 -103.000000 201.000000 -144.000000 32.000000 37.000000 -32.000000 -422.000000 901.000000
8.000000 -105.000000 200.000000 -153.000000 33.000000 39.000000 -28.000000 -421.000000 904.000000
7.000000 -104.000000 200.000000 -165.000000 34.000000 36.000000 -26.000000 -432.000000 905.000000
7.000000 -109.000000 202.000000 -175.000000 36.000000 37.000000 -27.000000 -433.000000 908.000000
9.000000 -110.000000 199.000000 -185.000000 35.000000 33.000000 -24.000000 -434.000000 909.000000
9.000000 -111.000000 203.000000 -193.000000 37.000000 33.000000 -24.000000 -441.000000 905.000000
9.000000 -110.000000 203.000000 -198.000000 38.000000 29.000000 -15.000000 -453.000000 908.000000
9.000000 -109.000000 201.000000 -203.000000 40.000000 30.000000 -18.000000 -450.000000 900.000000
9.000000 -112.000000 201.000000 -203.000000 40.000000 26.000000 -17.000000 -451.000000 896.000000
10.000000 -114.000000 198.000000 -203.000000 39.000000 26.000000 -18.000000 -450.000000 885.000000
11.000000 -114.000000 199.000000 -203.000000 39.000000 19.000000 -13.000000 -454.000000 887.000000
9.000000 -115.000000 195.000000 -201.000000 39.000000 19.000000 -13.000000 -457.000000 879.000000
13.000000 -115.000000 194.000000 -197.000000 40.000000 11.000000 -7.000000 -455.000000 877.000000
13.000000 -115.000000 196.000000 -193.000000 41.000000 10.000000 -11.000000 -463.000000 875.000000
13.000000 -116.000000 196.000000 -187.000000 39.000000 7.000000 -8.000000 -463.000000 879.000000
14.000000 -117.000000 194.000000 -177.000000 38.000000 7.000000 -7.000000 -464.000000 875.000000
13.000000 -115.000000 196.000000 -167.000000 38.000000 4.000000 -5.000000 -472.000000 876.000000
13.000000 -118.000000 195.000000 -154.000000 36.000000 7.000000 -12.000000 -466.000000 881.000000
13.000000 -122.000000 195.000000 -141.000000 32.000000 6.000000 -6.000000 -471.000000 883.000000
13.000000 -120.000000 196.000000 -124.000000 32.000000 11.000000 -7.000000 -470.000000 885.000000
12.000000 -120.000000 197.000000 -104.000000 32.000000 11.000000 -10.000000 -472.000000 883.000000
10.000000 -117.000000 194.000000 -85.000000 31.000000 17.000000 -5.000000 -471.000000 895.000000
13.000000 -107.000000 203.000000 -65.000000 34.000000 20.000000 -9.000000 -470.000000 893.000000
9.000000 -124.000000 206.000000 -44.000000 36.000000 25.000000 -7.000000 -474.000000 899.000000
4.000000 -113.000000 214.000000 -25.000000 36.000000 21.000000 -14.000000 -467.000000 897.000000
8.000000 -116.000000 203.000000 -8.000000 43.000000 31.000000 -4.000000 -467.000000 904.000000
22.000000 -117.000000 220.000000 5.000000 46.000000 36.000000 -15.000000 -468.000000 905.000000
6.000000 -110.000000 202.000000 15.000000 51.000000 41.000000 -11.000000 -469.000000 900.000000
19.000000 -113.000000 206.000000 20.000000 54.000000 42.000000 -13.000000 -460.000000 909.000000
16.000000 -109.000000 211.000000 24.000000 56.000000 45.000000 -16.000000 -460.000000 911.000000
10.000000 -115.000000 202.000000 25.000000 58.000000 46.000000 -17.000000 -460.000000 909.000000
7.000000 -114.000000 203.000000 24.000000 56.000000 48.000000 -20.000000 -457.000000 907.000000
7.000000 -114.000000 200.000000 22.000000 56.000000 47.000000 -22.000000 -461.000000 908.000000
9.000000 -114.000000 202.000000 15.000000 52.000000 49.000000 -18.000000 -457.000000 905.000000
8.000000 -116.000000 204.000000 8.000000 50.000000 45.000000 -26.000000 -453.000000 904.000000
8.000000 -116.000000 204.000000 -1.000000 48.000000 44.000000 -32.000000 -452.000000 904.000000
5.000000 -113.000000 201.000000 -10.000000 45.000000 40.000000 -29.000000 -448.000000 900.000000
6.000000 -110.000000 200.000000 -21.000000 43.000000 36.000000 -32.000000 -444.000000 899.000000
7.000000 -113.000000 203.000000 -34.000000 42.000000 30.000000 -32.000000 -446.000000 905.000000
6.000000 -109.000000 208.000000 -44.000000 40.000000 26.000000 -32.000000 -444.000000 902.000000
5.000000 -112.000000 205.000000 -54.000000 41.000000 19.000000 -37.000000 -440.000000 907.000000
4.000000 -112.000000 200.000000 -61.000000 40.000000 14.000000 -36.000000 -442.000000 907.000000
6.000000 -110.000000 205.000000 -64.000000 40.000000 9.000000 -36.000000 -436.000000 914.000000
6.000000 -112.000000 208.000000 -66.000000 42.000000 5.000000 -33.000000 -438.000000 914.000000
7.000000 -109.000000 206.000000 -63.000000 44.000000 -1.000000 -35.000000 -440.000000 912.000000
6.000000 -109.000000 205.000000 -58.000000 46.000000 -5.000000 -28.000000 -442.000000 915.000000
6.000000 -112.000000 202.000000 -53.000000 48.000000 -11.000000 -28.000000 -444.000000 911.000000
